38.01  4.49  27.55  170.55  91.21    
37.89  11.73  74.27  149.09  106.84    
39.67  12.83  32.76  184.63  98.73    
36.58  26.09  42.77  172.19  78.17    
33.46  3.86  45.08  183.11  94.81    
30.68  6.80  40.55  208.76  89.48    
30.58  503.18  25.63  170.27  76.75    
34.56  2.66  68.03  229.48  98.92    
29.54  6.57  42.21  186.76  87.68    
33.08  9.63  11.35  239.21  63.57    
37.53  11.28  162.38  187.04  131.95    
33.24  283.12  34.33  154.02  89.20    
41.92  20.00  5.95  183.01  64.83    
36.38  31.15  48.07  228.00  97.89    
31.37  299.47  50.59  223.25  116.24    
51.23  27.76  14.99  236.84  101.35    
66.32  55.54  110.90  332.15  120.87    
36.64  55.54  32.23  270.13  81.25    
64.61  37.90  16.15  490.95  91.61    
54.66  121.64  17.58  655.14  79.28    
45.73  391.83  27.56  419.00  105.95    
52.42  35.05  35.10  694.53  79.00    
67.70  615.21  33.74  360.80  113.84    
39.56  86.22  34.05  294.30  86.02    
20.50  41.39  16.37  85.89  43.78